{
 "cells": [
  {
   "cell_type": "code",
   "execution_count": 1,
   "id": "7decce1c",
   "metadata": {},
   "outputs": [],
   "source": [
    "import pandas as pd\n",
    "import matplotlib.pyplot as plt\n",
    "import numpy as np"
   ]
  },
  {
   "cell_type": "code",
   "execution_count": 2,
   "id": "8c03fce5",
   "metadata": {},
   "outputs": [],
   "source": [
    "wine=pd.read_csv('https://gist.githubusercontent.com/tijptjik/9408623/raw/b237fa5848349a14a14e5d4107dc7897c21951f5/wine.csv')"
   ]
  },
  {
   "cell_type": "code",
   "execution_count": 3,
   "id": "c80ced1d",
   "metadata": {},
   "outputs": [
    {
     "data": {
      "text/html": [
       "<div>\n",
       "<style scoped>\n",
       "    .dataframe tbody tr th:only-of-type {\n",
       "        vertical-align: middle;\n",
       "    }\n",
       "\n",
       "    .dataframe tbody tr th {\n",
       "        vertical-align: top;\n",
       "    }\n",
       "\n",
       "    .dataframe thead th {\n",
       "        text-align: right;\n",
       "    }\n",
       "</style>\n",
       "<table border=\"1\" class=\"dataframe\">\n",
       "  <thead>\n",
       "    <tr style=\"text-align: right;\">\n",
       "      <th></th>\n",
       "      <th>Wine</th>\n",
       "      <th>Alcohol</th>\n",
       "      <th>Malic.acid</th>\n",
       "      <th>Ash</th>\n",
       "      <th>Acl</th>\n",
       "      <th>Mg</th>\n",
       "      <th>Phenols</th>\n",
       "      <th>Flavanoids</th>\n",
       "      <th>Nonflavanoid.phenols</th>\n",
       "      <th>Proanth</th>\n",
       "      <th>Color.int</th>\n",
       "      <th>Hue</th>\n",
       "      <th>OD</th>\n",
       "      <th>Proline</th>\n",
       "    </tr>\n",
       "  </thead>\n",
       "  <tbody>\n",
       "    <tr>\n",
       "      <th>0</th>\n",
       "      <td>1</td>\n",
       "      <td>14.23</td>\n",
       "      <td>1.71</td>\n",
       "      <td>2.43</td>\n",
       "      <td>15.6</td>\n",
       "      <td>127</td>\n",
       "      <td>2.80</td>\n",
       "      <td>3.06</td>\n",
       "      <td>0.28</td>\n",
       "      <td>2.29</td>\n",
       "      <td>5.64</td>\n",
       "      <td>1.04</td>\n",
       "      <td>3.92</td>\n",
       "      <td>1065</td>\n",
       "    </tr>\n",
       "    <tr>\n",
       "      <th>1</th>\n",
       "      <td>1</td>\n",
       "      <td>13.20</td>\n",
       "      <td>1.78</td>\n",
       "      <td>2.14</td>\n",
       "      <td>11.2</td>\n",
       "      <td>100</td>\n",
       "      <td>2.65</td>\n",
       "      <td>2.76</td>\n",
       "      <td>0.26</td>\n",
       "      <td>1.28</td>\n",
       "      <td>4.38</td>\n",
       "      <td>1.05</td>\n",
       "      <td>3.40</td>\n",
       "      <td>1050</td>\n",
       "    </tr>\n",
       "    <tr>\n",
       "      <th>2</th>\n",
       "      <td>1</td>\n",
       "      <td>13.16</td>\n",
       "      <td>2.36</td>\n",
       "      <td>2.67</td>\n",
       "      <td>18.6</td>\n",
       "      <td>101</td>\n",
       "      <td>2.80</td>\n",
       "      <td>3.24</td>\n",
       "      <td>0.30</td>\n",
       "      <td>2.81</td>\n",
       "      <td>5.68</td>\n",
       "      <td>1.03</td>\n",
       "      <td>3.17</td>\n",
       "      <td>1185</td>\n",
       "    </tr>\n",
       "    <tr>\n",
       "      <th>3</th>\n",
       "      <td>1</td>\n",
       "      <td>14.37</td>\n",
       "      <td>1.95</td>\n",
       "      <td>2.50</td>\n",
       "      <td>16.8</td>\n",
       "      <td>113</td>\n",
       "      <td>3.85</td>\n",
       "      <td>3.49</td>\n",
       "      <td>0.24</td>\n",
       "      <td>2.18</td>\n",
       "      <td>7.80</td>\n",
       "      <td>0.86</td>\n",
       "      <td>3.45</td>\n",
       "      <td>1480</td>\n",
       "    </tr>\n",
       "    <tr>\n",
       "      <th>4</th>\n",
       "      <td>1</td>\n",
       "      <td>13.24</td>\n",
       "      <td>2.59</td>\n",
       "      <td>2.87</td>\n",
       "      <td>21.0</td>\n",
       "      <td>118</td>\n",
       "      <td>2.80</td>\n",
       "      <td>2.69</td>\n",
       "      <td>0.39</td>\n",
       "      <td>1.82</td>\n",
       "      <td>4.32</td>\n",
       "      <td>1.04</td>\n",
       "      <td>2.93</td>\n",
       "      <td>735</td>\n",
       "    </tr>\n",
       "    <tr>\n",
       "      <th>...</th>\n",
       "      <td>...</td>\n",
       "      <td>...</td>\n",
       "      <td>...</td>\n",
       "      <td>...</td>\n",
       "      <td>...</td>\n",
       "      <td>...</td>\n",
       "      <td>...</td>\n",
       "      <td>...</td>\n",
       "      <td>...</td>\n",
       "      <td>...</td>\n",
       "      <td>...</td>\n",
       "      <td>...</td>\n",
       "      <td>...</td>\n",
       "      <td>...</td>\n",
       "    </tr>\n",
       "    <tr>\n",
       "      <th>173</th>\n",
       "      <td>3</td>\n",
       "      <td>13.71</td>\n",
       "      <td>5.65</td>\n",
       "      <td>2.45</td>\n",
       "      <td>20.5</td>\n",
       "      <td>95</td>\n",
       "      <td>1.68</td>\n",
       "      <td>0.61</td>\n",
       "      <td>0.52</td>\n",
       "      <td>1.06</td>\n",
       "      <td>7.70</td>\n",
       "      <td>0.64</td>\n",
       "      <td>1.74</td>\n",
       "      <td>740</td>\n",
       "    </tr>\n",
       "    <tr>\n",
       "      <th>174</th>\n",
       "      <td>3</td>\n",
       "      <td>13.40</td>\n",
       "      <td>3.91</td>\n",
       "      <td>2.48</td>\n",
       "      <td>23.0</td>\n",
       "      <td>102</td>\n",
       "      <td>1.80</td>\n",
       "      <td>0.75</td>\n",
       "      <td>0.43</td>\n",
       "      <td>1.41</td>\n",
       "      <td>7.30</td>\n",
       "      <td>0.70</td>\n",
       "      <td>1.56</td>\n",
       "      <td>750</td>\n",
       "    </tr>\n",
       "    <tr>\n",
       "      <th>175</th>\n",
       "      <td>3</td>\n",
       "      <td>13.27</td>\n",
       "      <td>4.28</td>\n",
       "      <td>2.26</td>\n",
       "      <td>20.0</td>\n",
       "      <td>120</td>\n",
       "      <td>1.59</td>\n",
       "      <td>0.69</td>\n",
       "      <td>0.43</td>\n",
       "      <td>1.35</td>\n",
       "      <td>10.20</td>\n",
       "      <td>0.59</td>\n",
       "      <td>1.56</td>\n",
       "      <td>835</td>\n",
       "    </tr>\n",
       "    <tr>\n",
       "      <th>176</th>\n",
       "      <td>3</td>\n",
       "      <td>13.17</td>\n",
       "      <td>2.59</td>\n",
       "      <td>2.37</td>\n",
       "      <td>20.0</td>\n",
       "      <td>120</td>\n",
       "      <td>1.65</td>\n",
       "      <td>0.68</td>\n",
       "      <td>0.53</td>\n",
       "      <td>1.46</td>\n",
       "      <td>9.30</td>\n",
       "      <td>0.60</td>\n",
       "      <td>1.62</td>\n",
       "      <td>840</td>\n",
       "    </tr>\n",
       "    <tr>\n",
       "      <th>177</th>\n",
       "      <td>3</td>\n",
       "      <td>14.13</td>\n",
       "      <td>4.10</td>\n",
       "      <td>2.74</td>\n",
       "      <td>24.5</td>\n",
       "      <td>96</td>\n",
       "      <td>2.05</td>\n",
       "      <td>0.76</td>\n",
       "      <td>0.56</td>\n",
       "      <td>1.35</td>\n",
       "      <td>9.20</td>\n",
       "      <td>0.61</td>\n",
       "      <td>1.60</td>\n",
       "      <td>560</td>\n",
       "    </tr>\n",
       "  </tbody>\n",
       "</table>\n",
       "<p>178 rows × 14 columns</p>\n",
       "</div>"
      ],
      "text/plain": [
       "     Wine  Alcohol  Malic.acid   Ash   Acl   Mg  Phenols  Flavanoids  \\\n",
       "0       1    14.23        1.71  2.43  15.6  127     2.80        3.06   \n",
       "1       1    13.20        1.78  2.14  11.2  100     2.65        2.76   \n",
       "2       1    13.16        2.36  2.67  18.6  101     2.80        3.24   \n",
       "3       1    14.37        1.95  2.50  16.8  113     3.85        3.49   \n",
       "4       1    13.24        2.59  2.87  21.0  118     2.80        2.69   \n",
       "..    ...      ...         ...   ...   ...  ...      ...         ...   \n",
       "173     3    13.71        5.65  2.45  20.5   95     1.68        0.61   \n",
       "174     3    13.40        3.91  2.48  23.0  102     1.80        0.75   \n",
       "175     3    13.27        4.28  2.26  20.0  120     1.59        0.69   \n",
       "176     3    13.17        2.59  2.37  20.0  120     1.65        0.68   \n",
       "177     3    14.13        4.10  2.74  24.5   96     2.05        0.76   \n",
       "\n",
       "     Nonflavanoid.phenols  Proanth  Color.int   Hue    OD  Proline  \n",
       "0                    0.28     2.29       5.64  1.04  3.92     1065  \n",
       "1                    0.26     1.28       4.38  1.05  3.40     1050  \n",
       "2                    0.30     2.81       5.68  1.03  3.17     1185  \n",
       "3                    0.24     2.18       7.80  0.86  3.45     1480  \n",
       "4                    0.39     1.82       4.32  1.04  2.93      735  \n",
       "..                    ...      ...        ...   ...   ...      ...  \n",
       "173                  0.52     1.06       7.70  0.64  1.74      740  \n",
       "174                  0.43     1.41       7.30  0.70  1.56      750  \n",
       "175                  0.43     1.35      10.20  0.59  1.56      835  \n",
       "176                  0.53     1.46       9.30  0.60  1.62      840  \n",
       "177                  0.56     1.35       9.20  0.61  1.60      560  \n",
       "\n",
       "[178 rows x 14 columns]"
      ]
     },
     "execution_count": 3,
     "metadata": {},
     "output_type": "execute_result"
    }
   ],
   "source": [
    "wine"
   ]
  },
  {
   "cell_type": "code",
   "execution_count": 4,
   "id": "f2478ec3",
   "metadata": {},
   "outputs": [],
   "source": [
    "y=wine['Wine']"
   ]
  },
  {
   "cell_type": "code",
   "execution_count": 5,
   "id": "ea2a2509",
   "metadata": {},
   "outputs": [
    {
     "data": {
      "text/plain": [
       "0      1\n",
       "1      1\n",
       "2      1\n",
       "3      1\n",
       "4      1\n",
       "      ..\n",
       "173    3\n",
       "174    3\n",
       "175    3\n",
       "176    3\n",
       "177    3\n",
       "Name: Wine, Length: 178, dtype: int64"
      ]
     },
     "execution_count": 5,
     "metadata": {},
     "output_type": "execute_result"
    }
   ],
   "source": [
    "y#target"
   ]
  },
  {
   "cell_type": "code",
   "execution_count": 7,
   "id": "b57292b3",
   "metadata": {},
   "outputs": [],
   "source": [
    "X=wine.drop(['Wine'],axis=1)"
   ]
  },
  {
   "cell_type": "code",
   "execution_count": 8,
   "id": "206c6ef9",
   "metadata": {},
   "outputs": [
    {
     "data": {
      "text/html": [
       "<div>\n",
       "<style scoped>\n",
       "    .dataframe tbody tr th:only-of-type {\n",
       "        vertical-align: middle;\n",
       "    }\n",
       "\n",
       "    .dataframe tbody tr th {\n",
       "        vertical-align: top;\n",
       "    }\n",
       "\n",
       "    .dataframe thead th {\n",
       "        text-align: right;\n",
       "    }\n",
       "</style>\n",
       "<table border=\"1\" class=\"dataframe\">\n",
       "  <thead>\n",
       "    <tr style=\"text-align: right;\">\n",
       "      <th></th>\n",
       "      <th>Alcohol</th>\n",
       "      <th>Malic.acid</th>\n",
       "      <th>Ash</th>\n",
       "      <th>Acl</th>\n",
       "      <th>Mg</th>\n",
       "      <th>Phenols</th>\n",
       "      <th>Flavanoids</th>\n",
       "      <th>Nonflavanoid.phenols</th>\n",
       "      <th>Proanth</th>\n",
       "      <th>Color.int</th>\n",
       "      <th>Hue</th>\n",
       "      <th>OD</th>\n",
       "      <th>Proline</th>\n",
       "    </tr>\n",
       "  </thead>\n",
       "  <tbody>\n",
       "    <tr>\n",
       "      <th>0</th>\n",
       "      <td>14.23</td>\n",
       "      <td>1.71</td>\n",
       "      <td>2.43</td>\n",
       "      <td>15.6</td>\n",
       "      <td>127</td>\n",
       "      <td>2.80</td>\n",
       "      <td>3.06</td>\n",
       "      <td>0.28</td>\n",
       "      <td>2.29</td>\n",
       "      <td>5.64</td>\n",
       "      <td>1.04</td>\n",
       "      <td>3.92</td>\n",
       "      <td>1065</td>\n",
       "    </tr>\n",
       "    <tr>\n",
       "      <th>1</th>\n",
       "      <td>13.20</td>\n",
       "      <td>1.78</td>\n",
       "      <td>2.14</td>\n",
       "      <td>11.2</td>\n",
       "      <td>100</td>\n",
       "      <td>2.65</td>\n",
       "      <td>2.76</td>\n",
       "      <td>0.26</td>\n",
       "      <td>1.28</td>\n",
       "      <td>4.38</td>\n",
       "      <td>1.05</td>\n",
       "      <td>3.40</td>\n",
       "      <td>1050</td>\n",
       "    </tr>\n",
       "    <tr>\n",
       "      <th>2</th>\n",
       "      <td>13.16</td>\n",
       "      <td>2.36</td>\n",
       "      <td>2.67</td>\n",
       "      <td>18.6</td>\n",
       "      <td>101</td>\n",
       "      <td>2.80</td>\n",
       "      <td>3.24</td>\n",
       "      <td>0.30</td>\n",
       "      <td>2.81</td>\n",
       "      <td>5.68</td>\n",
       "      <td>1.03</td>\n",
       "      <td>3.17</td>\n",
       "      <td>1185</td>\n",
       "    </tr>\n",
       "    <tr>\n",
       "      <th>3</th>\n",
       "      <td>14.37</td>\n",
       "      <td>1.95</td>\n",
       "      <td>2.50</td>\n",
       "      <td>16.8</td>\n",
       "      <td>113</td>\n",
       "      <td>3.85</td>\n",
       "      <td>3.49</td>\n",
       "      <td>0.24</td>\n",
       "      <td>2.18</td>\n",
       "      <td>7.80</td>\n",
       "      <td>0.86</td>\n",
       "      <td>3.45</td>\n",
       "      <td>1480</td>\n",
       "    </tr>\n",
       "    <tr>\n",
       "      <th>4</th>\n",
       "      <td>13.24</td>\n",
       "      <td>2.59</td>\n",
       "      <td>2.87</td>\n",
       "      <td>21.0</td>\n",
       "      <td>118</td>\n",
       "      <td>2.80</td>\n",
       "      <td>2.69</td>\n",
       "      <td>0.39</td>\n",
       "      <td>1.82</td>\n",
       "      <td>4.32</td>\n",
       "      <td>1.04</td>\n",
       "      <td>2.93</td>\n",
       "      <td>735</td>\n",
       "    </tr>\n",
       "    <tr>\n",
       "      <th>...</th>\n",
       "      <td>...</td>\n",
       "      <td>...</td>\n",
       "      <td>...</td>\n",
       "      <td>...</td>\n",
       "      <td>...</td>\n",
       "      <td>...</td>\n",
       "      <td>...</td>\n",
       "      <td>...</td>\n",
       "      <td>...</td>\n",
       "      <td>...</td>\n",
       "      <td>...</td>\n",
       "      <td>...</td>\n",
       "      <td>...</td>\n",
       "    </tr>\n",
       "    <tr>\n",
       "      <th>173</th>\n",
       "      <td>13.71</td>\n",
       "      <td>5.65</td>\n",
       "      <td>2.45</td>\n",
       "      <td>20.5</td>\n",
       "      <td>95</td>\n",
       "      <td>1.68</td>\n",
       "      <td>0.61</td>\n",
       "      <td>0.52</td>\n",
       "      <td>1.06</td>\n",
       "      <td>7.70</td>\n",
       "      <td>0.64</td>\n",
       "      <td>1.74</td>\n",
       "      <td>740</td>\n",
       "    </tr>\n",
       "    <tr>\n",
       "      <th>174</th>\n",
       "      <td>13.40</td>\n",
       "      <td>3.91</td>\n",
       "      <td>2.48</td>\n",
       "      <td>23.0</td>\n",
       "      <td>102</td>\n",
       "      <td>1.80</td>\n",
       "      <td>0.75</td>\n",
       "      <td>0.43</td>\n",
       "      <td>1.41</td>\n",
       "      <td>7.30</td>\n",
       "      <td>0.70</td>\n",
       "      <td>1.56</td>\n",
       "      <td>750</td>\n",
       "    </tr>\n",
       "    <tr>\n",
       "      <th>175</th>\n",
       "      <td>13.27</td>\n",
       "      <td>4.28</td>\n",
       "      <td>2.26</td>\n",
       "      <td>20.0</td>\n",
       "      <td>120</td>\n",
       "      <td>1.59</td>\n",
       "      <td>0.69</td>\n",
       "      <td>0.43</td>\n",
       "      <td>1.35</td>\n",
       "      <td>10.20</td>\n",
       "      <td>0.59</td>\n",
       "      <td>1.56</td>\n",
       "      <td>835</td>\n",
       "    </tr>\n",
       "    <tr>\n",
       "      <th>176</th>\n",
       "      <td>13.17</td>\n",
       "      <td>2.59</td>\n",
       "      <td>2.37</td>\n",
       "      <td>20.0</td>\n",
       "      <td>120</td>\n",
       "      <td>1.65</td>\n",
       "      <td>0.68</td>\n",
       "      <td>0.53</td>\n",
       "      <td>1.46</td>\n",
       "      <td>9.30</td>\n",
       "      <td>0.60</td>\n",
       "      <td>1.62</td>\n",
       "      <td>840</td>\n",
       "    </tr>\n",
       "    <tr>\n",
       "      <th>177</th>\n",
       "      <td>14.13</td>\n",
       "      <td>4.10</td>\n",
       "      <td>2.74</td>\n",
       "      <td>24.5</td>\n",
       "      <td>96</td>\n",
       "      <td>2.05</td>\n",
       "      <td>0.76</td>\n",
       "      <td>0.56</td>\n",
       "      <td>1.35</td>\n",
       "      <td>9.20</td>\n",
       "      <td>0.61</td>\n",
       "      <td>1.60</td>\n",
       "      <td>560</td>\n",
       "    </tr>\n",
       "  </tbody>\n",
       "</table>\n",
       "<p>178 rows × 13 columns</p>\n",
       "</div>"
      ],
      "text/plain": [
       "     Alcohol  Malic.acid   Ash   Acl   Mg  Phenols  Flavanoids  \\\n",
       "0      14.23        1.71  2.43  15.6  127     2.80        3.06   \n",
       "1      13.20        1.78  2.14  11.2  100     2.65        2.76   \n",
       "2      13.16        2.36  2.67  18.6  101     2.80        3.24   \n",
       "3      14.37        1.95  2.50  16.8  113     3.85        3.49   \n",
       "4      13.24        2.59  2.87  21.0  118     2.80        2.69   \n",
       "..       ...         ...   ...   ...  ...      ...         ...   \n",
       "173    13.71        5.65  2.45  20.5   95     1.68        0.61   \n",
       "174    13.40        3.91  2.48  23.0  102     1.80        0.75   \n",
       "175    13.27        4.28  2.26  20.0  120     1.59        0.69   \n",
       "176    13.17        2.59  2.37  20.0  120     1.65        0.68   \n",
       "177    14.13        4.10  2.74  24.5   96     2.05        0.76   \n",
       "\n",
       "     Nonflavanoid.phenols  Proanth  Color.int   Hue    OD  Proline  \n",
       "0                    0.28     2.29       5.64  1.04  3.92     1065  \n",
       "1                    0.26     1.28       4.38  1.05  3.40     1050  \n",
       "2                    0.30     2.81       5.68  1.03  3.17     1185  \n",
       "3                    0.24     2.18       7.80  0.86  3.45     1480  \n",
       "4                    0.39     1.82       4.32  1.04  2.93      735  \n",
       "..                    ...      ...        ...   ...   ...      ...  \n",
       "173                  0.52     1.06       7.70  0.64  1.74      740  \n",
       "174                  0.43     1.41       7.30  0.70  1.56      750  \n",
       "175                  0.43     1.35      10.20  0.59  1.56      835  \n",
       "176                  0.53     1.46       9.30  0.60  1.62      840  \n",
       "177                  0.56     1.35       9.20  0.61  1.60      560  \n",
       "\n",
       "[178 rows x 13 columns]"
      ]
     },
     "execution_count": 8,
     "metadata": {},
     "output_type": "execute_result"
    }
   ],
   "source": [
    "X#features"
   ]
  },
  {
   "cell_type": "code",
   "execution_count": 9,
   "id": "653cfaa4",
   "metadata": {},
   "outputs": [
    {
     "data": {
      "text/plain": [
       "(178, 13)"
      ]
     },
     "execution_count": 9,
     "metadata": {},
     "output_type": "execute_result"
    }
   ],
   "source": [
    "X.shape"
   ]
  },
  {
   "cell_type": "code",
   "execution_count": 10,
   "id": "c2215af3",
   "metadata": {},
   "outputs": [
    {
     "data": {
      "text/plain": [
       "array([[ 1.51861254, -0.5622498 ,  0.23205254, ...,  0.36217728,\n",
       "         1.84791957,  1.01300893],\n",
       "       [ 0.24628963, -0.49941338, -0.82799632, ...,  0.40605066,\n",
       "         1.1134493 ,  0.96524152],\n",
       "       [ 0.19687903,  0.02123125,  1.10933436, ...,  0.31830389,\n",
       "         0.78858745,  1.39514818],\n",
       "       ...,\n",
       "       [ 0.33275817,  1.74474449, -0.38935541, ..., -1.61212515,\n",
       "        -1.48544548,  0.28057537],\n",
       "       [ 0.20923168,  0.22769377,  0.01273209, ..., -1.56825176,\n",
       "        -1.40069891,  0.29649784],\n",
       "       [ 1.39508604,  1.58316512,  1.36520822, ..., -1.52437837,\n",
       "        -1.42894777, -0.59516041]])"
      ]
     },
     "execution_count": 10,
     "metadata": {},
     "output_type": "execute_result"
    }
   ],
   "source": [
    "#Standardisation\n",
    "from sklearn.preprocessing import StandardScaler\n",
    "sc=StandardScaler()\n",
    "X_scaled=sc.fit_transform(X)\n",
    "X_scaled"
   ]
  },
  {
   "cell_type": "code",
   "execution_count": 11,
   "id": "71e4342b",
   "metadata": {},
   "outputs": [
    {
     "data": {
      "text/plain": [
       "array([[ 1.00564972,  0.09493026,  0.21273976, -0.31198788,  0.27232816,\n",
       "         0.29073446,  0.23815287, -0.15681042,  0.13747022,  0.549451  ,\n",
       "        -0.07215255,  0.07275191,  0.64735687],\n",
       "       [ 0.09493026,  1.00564972,  0.16497228,  0.29013035, -0.05488343,\n",
       "        -0.3370606 , -0.41332866,  0.29463237, -0.22199334,  0.25039204,\n",
       "        -0.56446685, -0.37079354, -0.19309537],\n",
       "       [ 0.21273976,  0.16497228,  1.00564972,  0.44587209,  0.28820583,\n",
       "         0.12970824,  0.11572743,  0.1872826 ,  0.00970647,  0.2603499 ,\n",
       "        -0.07508874,  0.00393333,  0.22488969],\n",
       "       [-0.31198788,  0.29013035,  0.44587209,  1.00564972, -0.0838039 ,\n",
       "        -0.32292752, -0.353355  ,  0.36396647, -0.19844168,  0.01883781,\n",
       "        -0.27550299, -0.27833221, -0.44308618],\n",
       "       [ 0.27232816, -0.05488343,  0.28820583, -0.0838039 ,  1.00564972,\n",
       "         0.21561254,  0.19688989, -0.25774204,  0.23777643,  0.20107967,\n",
       "         0.05571118,  0.06637684,  0.39557317],\n",
       "       [ 0.29073446, -0.3370606 ,  0.12970824, -0.32292752,  0.21561254,\n",
       "         1.00564972,  0.86944804, -0.45247731,  0.61587304, -0.05544792,\n",
       "         0.43613151,  0.70390388,  0.50092909],\n",
       "       [ 0.23815287, -0.41332866,  0.11572743, -0.353355  ,  0.19688989,\n",
       "         0.86944804,  1.00564972, -0.54093859,  0.65637929, -0.17335329,\n",
       "         0.54654907,  0.79164133,  0.49698518],\n",
       "       [-0.15681042,  0.29463237,  0.1872826 ,  0.36396647, -0.25774204,\n",
       "        -0.45247731, -0.54093859,  1.00564972, -0.36791202,  0.13984265,\n",
       "        -0.26412347, -0.50611293, -0.31314443],\n",
       "       [ 0.13747022, -0.22199334,  0.00970647, -0.19844168,  0.23777643,\n",
       "         0.61587304,  0.65637929, -0.36791202,  1.00564972, -0.02539259,\n",
       "         0.29721399,  0.52199968,  0.33228346],\n",
       "       [ 0.549451  ,  0.25039204,  0.2603499 ,  0.01883781,  0.20107967,\n",
       "        -0.05544792, -0.17335329,  0.13984265, -0.02539259,  1.00564972,\n",
       "        -0.52476129, -0.43123763,  0.31788599],\n",
       "       [-0.07215255, -0.56446685, -0.07508874, -0.27550299,  0.05571118,\n",
       "         0.43613151,  0.54654907, -0.26412347,  0.29721399, -0.52476129,\n",
       "         1.00564972,  0.56866303,  0.23751782],\n",
       "       [ 0.07275191, -0.37079354,  0.00393333, -0.27833221,  0.06637684,\n",
       "         0.70390388,  0.79164133, -0.50611293,  0.52199968, -0.43123763,\n",
       "         0.56866303,  1.00564972,  0.31452809],\n",
       "       [ 0.64735687, -0.19309537,  0.22488969, -0.44308618,  0.39557317,\n",
       "         0.50092909,  0.49698518, -0.31314443,  0.33228346,  0.31788599,\n",
       "         0.23751782,  0.31452809,  1.00564972]])"
      ]
     },
     "execution_count": 11,
     "metadata": {},
     "output_type": "execute_result"
    }
   ],
   "source": [
    "#Construction of covariance matrix\n",
    "cm=np.cov(X_scaled.T)\n",
    "cm"
   ]
  },
  {
   "cell_type": "code",
   "execution_count": 12,
   "id": "3a9a43c2",
   "metadata": {},
   "outputs": [
    {
     "data": {
      "text/plain": [
       "(13, 13)"
      ]
     },
     "execution_count": 12,
     "metadata": {},
     "output_type": "execute_result"
    }
   ],
   "source": [
    "cm.shape"
   ]
  },
  {
   "cell_type": "code",
   "execution_count": 13,
   "id": "286198bd",
   "metadata": {},
   "outputs": [
    {
     "data": {
      "text/plain": [
       "array([4.73243698, 2.51108093, 1.45424187, 0.92416587, 0.85804868,\n",
       "       0.64528221, 0.55414147, 0.10396199, 0.35046627, 0.16972374,\n",
       "       0.29051203, 0.22706428, 0.25232001])"
      ]
     },
     "execution_count": 13,
     "metadata": {},
     "output_type": "execute_result"
    }
   ],
   "source": [
    "#Finding eigen value,eigen vector\n",
    "eig_val,eig_vec=np.linalg.eig(cm)\n",
    "eig_val"
   ]
  },
  {
   "cell_type": "code",
   "execution_count": 15,
   "id": "99aafeba",
   "metadata": {},
   "outputs": [
    {
     "data": {
      "text/plain": [
       "array([[-0.1443294 , -0.48365155,  0.20738262, -0.0178563 ,  0.26566365,\n",
       "        -0.21353865, -0.05639636,  0.01496997, -0.39613926,  0.26628645,\n",
       "         0.50861912, -0.22591696,  0.21160473],\n",
       "       [ 0.24518758, -0.22493093, -0.08901289,  0.53689028, -0.03521363,\n",
       "        -0.53681385,  0.42052391,  0.02596375, -0.06582674, -0.12169604,\n",
       "        -0.07528304,  0.07648554, -0.30907994],\n",
       "       [ 0.00205106, -0.31606881, -0.6262239 , -0.21417556,  0.14302547,\n",
       "        -0.15447466, -0.14917061, -0.14121803,  0.17026002,  0.04962237,\n",
       "        -0.30769445, -0.49869142, -0.02712539],\n",
       "       [ 0.23932041,  0.0105905 , -0.61208035,  0.06085941, -0.06610294,\n",
       "         0.10082451, -0.28696914,  0.09168285, -0.42797018,  0.05574287,\n",
       "         0.20044931,  0.47931378,  0.05279942],\n",
       "       [-0.14199204, -0.299634  , -0.13075693, -0.35179658, -0.72704851,\n",
       "        -0.03814394,  0.3228833 ,  0.05677422,  0.15636143, -0.06222011,\n",
       "         0.27140257,  0.07128891,  0.06787022],\n",
       "       [-0.39466085, -0.06503951, -0.14617896,  0.19806835,  0.14931841,\n",
       "         0.0841223 , -0.02792498, -0.46390791,  0.40593409,  0.30388245,\n",
       "         0.28603452,  0.30434119, -0.32013135],\n",
       "       [-0.4229343 ,  0.00335981, -0.1506819 ,  0.15229479,  0.10902584,\n",
       "         0.01892002, -0.06068521,  0.83225706,  0.18724536,  0.04289883,\n",
       "         0.04957849, -0.02569409, -0.16315051],\n",
       "       [ 0.2985331 , -0.02877949, -0.17036816, -0.20330102,  0.50070298,\n",
       "         0.25859401,  0.59544729,  0.11403985,  0.23328465, -0.04235219,\n",
       "         0.19550132,  0.11689586,  0.21553507],\n",
       "       [-0.31342949, -0.03930172, -0.14945431,  0.39905653, -0.13685982,\n",
       "         0.53379539,  0.37213935, -0.11691707, -0.36822675,  0.09555303,\n",
       "        -0.20914487, -0.23736257,  0.1341839 ],\n",
       "       [ 0.0886167 , -0.52999567,  0.13730621,  0.06592568,  0.07643678,\n",
       "         0.41864414, -0.22771214, -0.0119928 ,  0.03379692, -0.60422163,\n",
       "         0.05621752,  0.0318388 , -0.29077518],\n",
       "       [-0.29671456,  0.27923515, -0.08522192, -0.42777141,  0.17361452,\n",
       "        -0.10598274,  0.23207564, -0.08988884, -0.43662362, -0.259214  ,\n",
       "         0.08582839, -0.04821201, -0.52239889],\n",
       "       [-0.37616741,  0.16449619, -0.16600459,  0.18412074,  0.10116099,\n",
       "        -0.26585107, -0.0447637 , -0.15671813,  0.07810789, -0.60095872,\n",
       "         0.1372269 ,  0.0464233 ,  0.52370587],\n",
       "       [-0.28675223, -0.36490283,  0.12674592, -0.23207086,  0.1578688 ,\n",
       "        -0.11972557,  0.0768045 ,  0.01444734, -0.12002267,  0.07940162,\n",
       "        -0.57578611,  0.53926983,  0.162116  ]])"
      ]
     },
     "execution_count": 15,
     "metadata": {},
     "output_type": "execute_result"
    }
   ],
   "source": [
    "eig_vec"
   ]
  },
  {
   "cell_type": "code",
   "execution_count": 17,
   "id": "541cb06d",
   "metadata": {},
   "outputs": [
    {
     "data": {
      "text/plain": [
       "[4.732436977583592,\n",
       " 2.5110809296451246,\n",
       " 1.4542418678464666,\n",
       " 0.924165866824874,\n",
       " 0.8580486765371109,\n",
       " 0.645282212467854,\n",
       " 0.5541414662457833,\n",
       " 0.35046627494625343,\n",
       " 0.29051203269397674,\n",
       " 0.2523200103608247,\n",
       " 0.22706428173088494,\n",
       " 0.16972373898012166,\n",
       " 0.10396199182075282]"
      ]
     },
     "execution_count": 17,
     "metadata": {},
     "output_type": "execute_result"
    }
   ],
   "source": [
    "#Sorting eigen values\n",
    "sorted_eig_val=[i for i in sorted(eig_val,reverse=True)]\n",
    "sorted_eig_val"
   ]
  },
  {
   "cell_type": "code",
   "execution_count": 18,
   "id": "facfc1bd",
   "metadata": {},
   "outputs": [],
   "source": [
    "#Choosing the dimension=2\n",
    "tot=sum(sorted_eig_val)"
   ]
  },
  {
   "cell_type": "code",
   "execution_count": 19,
   "id": "aacf6bd8",
   "metadata": {},
   "outputs": [
    {
     "data": {
      "text/plain": [
       "13.073446327683618"
      ]
     },
     "execution_count": 19,
     "metadata": {},
     "output_type": "execute_result"
    }
   ],
   "source": [
    "tot"
   ]
  },
  {
   "cell_type": "code",
   "execution_count": 20,
   "id": "38fc763b",
   "metadata": {},
   "outputs": [],
   "source": [
    "exp_var=[(i/tot) for i in sorted_eig_val]"
   ]
  },
  {
   "cell_type": "code",
   "execution_count": 21,
   "id": "cf761cde",
   "metadata": {},
   "outputs": [
    {
     "data": {
      "text/plain": [
       "[0.36198848099926345,\n",
       " 0.19207490257008947,\n",
       " 0.1112363053624998,\n",
       " 0.07069030182714031,\n",
       " 0.065632936796486,\n",
       " 0.049358233192225646,\n",
       " 0.042386793226233205,\n",
       " 0.026807489483788614,\n",
       " 0.022221534047897094,\n",
       " 0.01930019093944078,\n",
       " 0.01736835689989915,\n",
       " 0.012982325756042148,\n",
       " 0.007952148898994489]"
      ]
     },
     "execution_count": 21,
     "metadata": {},
     "output_type": "execute_result"
    }
   ],
   "source": [
    "exp_var"
   ]
  },
  {
   "cell_type": "code",
   "execution_count": 22,
   "id": "1bef2a13",
   "metadata": {},
   "outputs": [
    {
     "data": {
      "text/plain": [
       "array([0.36198848, 0.55406338, 0.66529969, 0.73598999, 0.80162293,\n",
       "       0.85098116, 0.89336795, 0.92017544, 0.94239698, 0.96169717,\n",
       "       0.97906553, 0.99204785, 1.        ])"
      ]
     },
     "execution_count": 22,
     "metadata": {},
     "output_type": "execute_result"
    }
   ],
   "source": [
    "cum_exp_var=np.cumsum(exp_var)\n",
    "cum_exp_var"
   ]
  },
  {
   "cell_type": "code",
   "execution_count": 24,
   "id": "f36d90be",
   "metadata": {},
   "outputs": [
    {
     "data": {
